{
	"configuration" : 	{
		"default_parameters" : 		{
			"absolute_regularization" : 0.001,
			"covariance_mode" : 0,
			"gaussians" : 50,
			"relative_regularization" : 0.01
		}
,
		"multiClass_regression_estimator" : 0,
		"multithreading" : 2
	}
,
	"models" : [ 		{
			"components" : [ 				{
					"bimodal" : 0,
					"covariance" : [ 3.223979837806255, -0.01961021584422, 0.000687307419033, 0.021593664341329, 0.017683748579126, 0.021875256206916, 0.007093150062853, -0.019570741029232, -0.014687724330353, -0.018420330935631, -0.022013549623428, -0.006578684221343, -0.333720656950391, -0.01961021584422, 0.012921058576615, -0.000339501989012, -0.010666394383259, -0.008735054576093, -0.010805489343984, -0.003503728445256, 0.009667152313324, 0.007255140110717, 0.009098896385711, 0.010873800682801, 0.003249603185387, 0.164844469405788, 0.000687307419033, -0.000339501989012, 0.003076776405012, 0.000373840453985, 0.000306150011989, 0.000378715514984, 0.000122800206476, -0.000338818581022, -0.000254281322747, -0.000318902098814, -0.000381109720655, -0.000113893513257, -0.005777541038261, 0.021593664341329, -0.010666394383259, 0.000373840453985, 0.014318813612474, 0.009618549740489, 0.011898395805091, 0.003858108273312, -0.010644923230253, -0.007988951347841, -0.01001919183299, -0.011973616400971, -0.003578279861129, -0.181517438112356, 0.017683748579126, -0.008735054576093, 0.000306150011989, 0.009618549740489, 0.010347830768654, 0.0097439802984, 0.003159529370183, -0.008717471156001, -0.006542410070518, -0.008205039521779, -0.009805580871812, -0.002930368853092, -0.148650487826766, 0.021875256206916, -0.010805489343984, 0.000378715514984, 0.011898395805091, 0.0097439802984, 0.015071197670328, 0.003908419878103, -0.01078373819672, -0.008093131151628, -0.010149846958278, -0.012129758171394, -0.003624942367583, -0.183884513622407, 0.007093150062853, -0.003503728445256, 0.000122800206476, 0.003858108273312, 0.003159529370183, 0.003908419878103, 0.004537236192058, -0.003496675538075, -0.002624234120682, -0.003291133457321, -0.003933128559592, -0.00117540384164, -0.059625379333662, -0.019570741029232, 0.009667152313324, -0.000338818581022, -0.010644923230253, -0.008717471156001, -0.01078373819672, -0.003496675538075, 0.012291868493712, 0.007240535716973, 0.009080580562251, 0.010851912026726, 0.003243061825234, 0.164512642108055, -0.014687724330353, 0.007255140110717, -0.000254281322747, -0.007988951347841, -0.006542410070518, -0.008093131151628, -0.002624234120682, 0.007240535716973, 0.00812051872731, 0.006814921512614, 0.008144295204138, 0.002433898542941, 0.123465755973778, -0.018420330935631, 0.009098896385711, -0.000318902098814, -0.01001919183299, -0.008205039521779, -0.010149846958278, -0.003291133457321, 0.009080580562251, 0.006814921512614, 0.011171259971425, 0.010214013384474, 0.00305242770196, 0.154842236489619, -0.022013549623428, 0.010873800682801, -0.000381109720655, -0.011973616400971, -0.009805580871812, -0.012129758171394, -0.003933128559592, 0.010851912026726, 0.008144295204138, 0.010214013384474, 0.01489934440173, 0.003647858929562, 0.185047015098595, -0.006578684221343, 0.003249603185387, -0.000113893513257, -0.003578279861129, -0.002930368853092, -0.003624942367583, -0.00117540384164, 0.003243061825234, 0.002433898542941, 0.00305242770196, 0.003647858929562, 0.004066162595915, 0.055300753366017, -0.333720656950391, 0.164844469405788, -0.005777541038261, -0.181517438112356, -0.148650487826766, -0.183884513622407, -0.059625379333662, 0.164512642108055, 0.123465755973778, 0.154842236489619, 0.185047015098595, 0.055300753366017, 4.464358316030284 ],
					"covariance_determinant" : 0.0,
					"covariance_determinant_input" : 0,
					"covariance_mode" : 0,
					"dimension" : 13,
					"dimension_input" : 0,
					"inverse_covariance" : [ 0.313919098717364, 0.060135085856971, -0.002224222333621, -0.083220192955294, -0.070984118453257, -0.071899496013577, -0.021515089405256, 0.073410334078991, 0.054225240946307, 0.069614306921374, 0.081079234648463, 0.021925263289174, 0.001995053664932, 0.060135085856971, 279.931725750442695, 1.081648117764621, 40.470308974717227, 34.519857550011281, 34.965009277965038, 10.462873071167976, -35.699735804625789, -26.369949136075643, -33.853712784374856, -39.429152482494217, -10.662342253178235, -0.97020248780631, -0.002224222333621, 1.081648117764618, 326.23731910256231, -1.496879297457048, -1.276789365508902, -1.293254236242104, -0.386991315088219, 1.320429638528706, 0.975347901629486, 1.25215060356089, 1.458369939903223, 0.394369101336857, 0.035884974815633, -0.083220192955294, 40.470308974717263, -1.496879297457051, 332.557234256747847, -47.7715989785722, -48.387638885504309, -14.479439140077673, 49.404417733438443, 36.493042689671924, 46.849729571678594, 54.565510814457426, 14.75548204546252, 1.342651084476469, -0.070984118453257, 34.519857550011295, -1.276789365508901, -47.771598978572186, 363.964853887775575, -41.273082509760002, -12.350490746976766, 42.140361803636509, 31.127378740818102, 39.961295874494972, 46.542606374352069, 12.585946368962061, 1.145237714998688, -0.071899496013577, 34.965009277965017, -1.293254236242107, -48.387638885504337, -41.273082509759973, 289.579359453015115, -12.509756824165319, 42.683783943959661, 31.528782669356143, 40.476617813006328, 47.142797774939261, 12.748248770296115, 1.160006157974175, -0.021515089405256, 10.462873071168, -0.386991315088219, -14.479439140077629, -12.350490746976776, -12.509756824165278, 302.075088266462899, 12.772626772453233, 9.434622154263463, 12.112157933690346, 14.106934890756083, 3.814765433148068, 0.347118374720576, 0.073410334078991, -35.699735804625711, 1.320429638528706, 49.404417733438336, 42.140361803636424, 42.683783943959803, 12.772626772453197, 334.608961086710337, -32.191303099318837, -41.327160839616127, -48.133418534994156, -13.016130196139551, -1.184381592528696, 0.054225240946307, -26.369949136075661, 0.975347901629485, 36.493042689671888, 31.127378740818138, 31.528782669356026, 9.434622154263467, -32.191303099318937, 348.44758933067186, -30.526700120225886, -35.55420705238852, -9.614488272382816, -0.87485471947497, 0.069614306921374, -33.853712784374792, 1.25215060356089, 46.849729571678651, 39.961295874495022, 40.47661781300625, 12.112157933690362, -41.327160839616134, -30.526700120225836, 341.84128808535678, -45.644453374432274, -12.343069865716963, -1.123137562697921, 0.081079234648463, -39.429152482494267, 1.458369939903218, 54.565510814457475, 46.542606374352104, 47.142797774939275, 14.106934890756071, -48.133418534994021, -35.554207052388527, -45.644453374432267, 318.184728744592803, -14.375876198195375, -1.308109467948012, 0.021925263289174, -10.662342253178251, 0.394369101336857, 14.755482045462525, 12.585946368962073, 12.748248770296078, 3.814765433148068, -13.016130196139539, -9.614488272382825, -12.343069865716936, -14.375876198195392, 332.132800811323875, -0.353736004294718, 0.001995053664932, -0.970202487806311, 0.035884974815633, 1.342651084476471, 1.145237714998689, 1.160006157974175, 0.347118374720576, -1.184381592528696, -0.874854719474969, -1.12313756269792, -1.308109467948012, -0.353736004294717, 0.570554044065971 ],
					"inverse_covariance_input" : [  ],
					"mean" : [ 20.370882034301758, 0.56042335430781, 0.704989830652873, 0.599095324675242, 0.446754415829976, 0.832621435324351, 0.767024060090383, 0.344089796145757, 0.310533026854197, 0.233857621749242, 0.669125934441884, 0.88166077931722, 4.876033306121826 ],
					"output_covariance" : [  ]
				}
, 				{
					"bimodal" : 0,
					"covariance" : [ 3.18427978515625, -0.0, -0.0, -0.0, -0.0, 0.0, 0.0, 0.0, -0.0, -0.0, 0.0, -0.0, 0.0, -0.0, 0.003234407305717, 0.0, 0.0, 0.0, -0.0, -0.0, -0.0, 0.0, 0.0, -0.0, 0.0, -0.0, -0.0, 0.0, 0.003064877390862, 0.0, 0.0, -0.0, -0.0, -0.0, 0.0, 0.0, -0.0, 0.0, -0.0, -0.0, 0.0, 0.0, 0.002573581337929, 0.0, -0.0, -0.0, -0.0, 0.0, 0.0, -0.0, 0.0, -0.0, -0.0, 0.0, 0.0, 0.0, 0.002470889985561, -0.0, -0.0, -0.0, 0.0, 0.0, -0.0, 0.0, -0.0, 0.0, -0.0, -0.0, -0.0, -0.0, 0.0030176410079, 0.0, 0.0, -0.0, -0.0, 0.0, -0.0, 0.0, 0.0, -0.0, -0.0, -0.0, -0.0, 0.0, 0.003269913494587, 0.0, -0.0, -0.0, 0.0, -0.0, 0.0, 0.0, -0.0, -0.0, -0.0, -0.0, 0.0, 0.0, 0.002644175887108, -0.0, -0.0, 0.0, -0.0, 0.0, -0.0, 0.0, 0.0, 0.0, 0.0, -0.0, -0.0, -0.0, 0.002686539888382, 0.0, -0.0, 0.0, -0.0, -0.0, 0.0, 0.0, 0.0, 0.0, -0.0, -0.0, -0.0, 0.0, 0.002624455392361, -0.0, 0.0, -0.0, 0.0, -0.0, -0.0, -0.0, -0.0, 0.0, 0.0, 0.0, -0.0, -0.0, 0.002692902982235, -0.0, 0.0, -0.0, 0.0, 0.0, 0.0, 0.0, -0.0, -0.0, -0.0, 0.0, 0.0, -0.0, 0.002976010739803, -0.0, 0.0, -0.0, -0.0, -0.0, -0.0, 0.0, 0.0, 0.0, -0.0, -0.0, 0.0, -0.0, 1.659085540771484 ],
					"covariance_determinant" : 0.0,
					"covariance_determinant_input" : 0,
					"covariance_mode" : 0,
					"dimension" : 13,
					"dimension_input" : 0,
					"inverse_covariance" : [ 0.314042756123872, 0.0, 0.0, 0.0, 0.0, -0.0, -0.0, -0.0, 0.0, 0.0, -0.0, 0.0, -0.0, 0.0, 309.175655840344518, -0.0, -0.0, -0.0, 0.0, 0.0, 0.0, -0.0, -0.0, 0.0, -0.0, 0.0, 0.0, -0.0, 326.277326127851552, -0.0, -0.0, 0.0, 0.0, 0.0, -0.0, -0.0, 0.0, -0.0, 0.0, 0.0, -0.0, -0.0, 388.563588514674166, -0.0, 0.0, 0.0, 0.0, -0.0, -0.0, 0.0, -0.0, 0.0, 0.0, -0.0, -0.0, -0.0, 404.71247438918499, 0.0, 0.0, 0.0, -0.0, -0.0, 0.0, -0.0, 0.0, -0.0, 0.0, 0.0, 0.0, 0.0, 331.384680080228975, -0.0, -0.0, 0.0, 0.0, -0.0, 0.0, -0.0, -0.0, 0.0, 0.0, 0.0, 0.0, -0.0, 305.818487753701277, -0.0, 0.0, 0.0, -0.0, 0.0, -0.0, -0.0, 0.0, 0.0, 0.0, 0.0, -0.0, -0.0, 378.189667667600418, 0.0, 0.0, -0.0, 0.0, -0.0, 0.0, -0.0, -0.0, -0.0, -0.0, 0.0, 0.0, 0.0, 372.226001305447653, -0.0, 0.0, -0.0, 0.0, 0.0, -0.0, -0.0, -0.0, -0.0, 0.0, 0.0, 0.0, -0.0, 381.031433382643229, 0.0, -0.0, 0.0, -0.0, 0.0, 0.0, 0.0, 0.0, -0.0, -0.0, -0.0, 0.0, 0.0, 371.346463870769469, 0.0, -0.0, 0.0, -0.0, -0.0, -0.0, -0.0, 0.0, 0.0, 0.0, -0.0, -0.0, 0.0, 336.020292744672815, 0.0, -0.0, 0.0, 0.0, 0.0, 0.0, -0.0, -0.0, -0.0, 0.0, 0.0, -0.0, 0.0, 0.602741676318265 ],
					"inverse_covariance_input" : [  ],
					"mean" : [ 461.433135986328125, 0.045974053442478, 0.156315729022026, 0.326190173625946, 0.226666212081909, 0.246473655104637, 0.396948784589767, 0.559966385364532, 0.515696585178375, 0.622756540775299, 1, 0.351085901260376, 243.300750732421875 ],
					"output_covariance" : [  ]
				}
, 				{
					"bimodal" : 0,
					"covariance" : [ 197.811919375700541, 0.902651257053435, 0.418042884283807, 0.198471193477303, 0.529453244089666, -1.63268156587236, -1.424638324833722, -2.946439636694151, 0.699426989508538, 0.672732161005243, 0.244739866594443, -2.226863014131482, 30.204751265664527, 0.902651257053435, 0.007420756652471, 0.001938814732557, 0.000920477033262, 0.002455517815116, -0.007572110882622, -0.006607240253558, -0.013665106597857, 0.003243828330987, 0.003120022069163, 0.001135063594756, -0.0103278275543, 0.140084711278917, 0.418042884283807, 0.001938814732557, 0.003962796378463, 0.000426298496673, 0.001137218545723, -0.003506854999373, -0.003059996594665, -0.006328690656081, 0.001502307054924, 0.001444968934159, 0.000525679497247, -0.004783103978915, 0.064877123129776, 0.198471193477303, 0.000920477033262, 0.000426298496673, 0.002775971988728, 0.000539909015318, -0.001664924157888, -0.001452772428408, -0.003004626642104, 0.000713239443535, 0.000686017439076, 0.000249573048908, -0.002270839645669, 0.030801242028076, 0.529453244089666, 0.002455517815116, 0.001137218545723, 0.000539909015318, 0.003911182527087, -0.004441448056582, -0.003875499822762, -0.008015315951239, 0.001902678824951, 0.00183005983013, 0.000665775511634, -0.006057823284789, 0.082167176142974, -1.63268156587236, -0.007572110882622, -0.003506854999373, -0.001664924157888, -0.004441448056582, 0.016713789721143, 0.011950927092805, 0.024716929670969, -0.005867314400188, -0.005643378301013, -0.002053060240896, 0.018680585144763, -0.253379944888394, -1.424638324833722, -0.006607240253558, -0.003059996594665, -0.001452772428408, -0.003875499822762, 0.011950927092805, 0.013698002541214, 0.021567393187702, -0.005119676202071, -0.004924274994716, -0.001791450558095, 0.01630022539841, -0.221093192804801, -2.946439636694151, -0.013665106597857, -0.006328690656081, -0.003004626642104, -0.008015315951239, 0.024716929670969, 0.021567393187702, 0.047249898645429, -0.010588523856104, -0.010184394715133, -0.003705081380682, 0.033712156526837, -0.457265353126985, 0.699426989508538, 0.003243828330987, 0.001502307054924, 0.000713239443535, 0.001902678824951, -0.005867314400188, -0.005119676202071, -0.010588523856104, 0.005200047808851, 0.002417575587452, 0.000879513662422, -0.008002604857658, 0.10854582777165, 0.672732161005243, 0.003120022069163, 0.001444968934159, 0.000686017439076, 0.00183005983013, -0.005643378301013, -0.004924274994716, -0.010184394715133, 0.002417575587452, 0.004949760068525, 0.000845945517731, -0.007697171742467, 0.104402990419679, 0.244739866594443, 0.001135063594756, 0.000525679497247, 0.000249573048908, 0.000665775511634, -0.002053060240896, -0.001791450558095, -0.003705081380682, 0.000879513662422, 0.000845945517731, 0.003000657843912, -0.002800230009207, 0.037981793391879, -2.226863014131482, -0.0103278275543, -0.004783103978915, -0.002270839645669, -0.006057823284789, 0.018680585144763, 0.01630022539841, 0.033712156526837, -0.008002604857658, -0.007697171742467, -0.002800230009207, 0.028455017185852, -0.345592453292113, 30.204751265664527, 0.140084711278917, 0.064877123129776, 0.030801242028076, 0.082167176142974, -0.253379944888394, -0.221093192804801, -0.457265353126985, 0.10854582777165, 0.104402990419679, 0.037981793391879, -0.345592453292113, 6.346636604638916 ],
					"covariance_determinant" : 0.0,
					"covariance_determinant_input" : 0,
					"covariance_mode" : 0,
					"dimension" : 13,
					"dimension_input" : 0,
					"inverse_covariance" : [ 0.126392963510723, -0.85680121752784, -0.418757427324412, -0.236763295112405, -0.657853208859407, 1.661072962982622, 1.33759042945131, 3.421070315949907, -0.799289093002607, -0.786969294697825, -0.279022229543844, 2.297279308648871, -0.055893496482503, -0.856801217527837, 305.263536801286534, -1.912029150599985, -1.081051445318767, -3.003730632771497, 7.584390674068686, 6.107382760982413, 15.620466034817426, -3.649521049315433, -3.593269358118466, -1.274003997879971, 10.489282621855358, -0.255207400824705, -0.418757427324412, -1.91202915059997, 325.342831181188444, -0.528358635335756, -1.468058735705574, 3.706834049162739, 2.984953616258564, 7.634426791808346, -1.783685660469966, -1.756192920022843, -0.622663256820004, 5.126585858363461, -0.124731375746476, -0.236763295112405, -1.081051445318771, -0.528358635335756, 388.264857260395502, -0.830032856742462, 2.09582490159562, 1.68767741854417, 4.316465632793769, -1.008486696262107, -0.992942442249666, -0.352050602116049, 2.898545270607168, -0.070522478166724, -0.657853208859404, -3.003730632771497, -1.468058735705568, -0.830032856742459, 402.406205683102371, 5.823306083265818, 4.689257280279644, 11.993416319521314, -2.802107518030106, -2.758917388510393, -0.978182104506429, 8.053686304660859, -0.195948609925666, 1.661072962982622, 7.584390674068627, 3.706834049162739, 2.095824901595621, 5.823306083265841, 316.68088877873771, -11.84032908837977, -30.283259720952291, 7.075294267607442, 6.966239610053549, 2.469900313302739, -20.335479697986393, 0.494768336914988, 1.33759042945131, 6.107382760982353, 2.984953616258564, 1.687677418544169, 4.689257280279661, -11.840329088379763, 296.28398130930475, -24.385803199517689, 5.697429377762066, 5.609612364613404, 1.988904216970926, -16.37528490830811, 0.398415606659868, 3.421070315949907, 15.620466034817285, 7.634426791808344, 4.316465632793772, 11.993416319521094, -30.283259720952294, -24.385803199517689, 315.819643466180082, 14.571954233762071, 14.347350221724042, 5.086894334866025, -41.882028969074113, 1.019002360770757, -0.799289093002609, -3.649521049315408, -1.783685660469971, -1.008486696262109, -2.802107518030093, 7.07529426760746, 5.697429377761983, 14.57195423376211, 368.821451557236742, -3.352073908638285, -1.188487456735073, 9.785197571568967, -0.238076799798786, -0.786969294697821, -3.593269358118464, -1.756192920022835, -0.992942442249661, -2.758917388510393, 6.966239610053627, 5.609612364613382, 14.347350221724231, -3.352073908638325, 377.731026480121614, -1.170168770939251, 9.634373969058268, -0.234407216189742, -0.279022229543844, -1.274003997879951, -0.622663256820005, -0.35205060211605, -0.978182104506418, 2.469900313302738, 1.988904216970927, 5.086894334866027, -1.18848745673507, -1.17016877093924, 370.931577163486509, 3.415895033284654, -0.083109753484781, 2.29727930864887, 10.489282621855393, 5.126585858363455, 2.898545270607166, 8.053686304660882, -20.335479697986379, -16.375284908308096, -41.882028969074071, 9.785197571569153, 9.634373969058304, 3.415895033284649, 307.896135779436463, 0.684269197259402, -0.055893496482503, -0.255207400824702, -0.124731375746476, -0.070522478166724, -0.195948609925668, 0.49476833691499, 0.398415606659869, 1.019002360770749, -0.238076799798787, -0.234407216189741, -0.083109753484781, 0.684269197259394, 0.586093200956078 ],
					"inverse_covariance_input" : [  ],
					"mean" : [ 108.360157012939453, 0.257829934358597, 0.314769640564919, 0.39685982465744, 0.35263754427433, 0.527070596814156, 0.816414535045624, 0.435223087668419, 0.546076655387878, 0.149202074855566, 0.477687999606133, 0.692398399114609, 26.803142547607422 ],
					"output_covariance" : [  ]
				}
, 				{
					"bimodal" : 0,
					"covariance" : [ 12.492670557567065, 0.695765933456727, 0.47991436620414, 0.100758262976909, -0.187104004457404, 0.056998511280723, -0.084030041707594, -0.141048102047937, 0.041041023053849, -0.01335207593607, 0.681989631560455, 1.223663131285313, -3.284821764654452, 0.695765933456727, 0.055240199283616, 0.035871728545287, 0.007531287481117, -0.013985295149049, 0.004260416582897, -0.006280918134678, -0.010542795933596, 0.003067656527671, -0.000998015640339, 0.050976067100336, 0.091464050187801, -0.245527625258139, 0.47991436620414, 0.035871728545287, 0.027807908116624, 0.005194811767004, -0.009646554588105, 0.002938682430151, -0.004332351874154, -0.007272042198666, 0.00211595935848, -0.000688395364682, 0.035161461286979, 0.063088618694311, -0.169356142626809, 0.100758262976909, 0.007531287481117, 0.005194811767004, 0.003664234685682, -0.002025298995937, 0.000616977856789, -0.000909579458721, -0.001526768923439, 0.000444246733383, -0.000144528953645, 0.007382166512385, 0.013245487280424, -0.035556407470155, -0.187104004457404, -0.013985295149049, -0.009646554588105, -0.002025298995937, 0.006231788011866, -0.001145702836234, 0.001689052133997, 0.002835147917566, -0.000824948151422, 0.000268384400327, -0.013708383563103, -0.024596332230599, 0.066026805397773, 0.056998511280723, 0.004260416582897, 0.002938682430151, 0.000616977856789, -0.001145702836234, 0.003366662698937, -0.000514545145052, -0.000863686541774, 0.000251308445541, -0.000081759400682, 0.004176059499246, 0.007492914564682, -0.020114105110691, -0.084030041707594, -0.006280918134678, -0.004332351874154, -0.000909579458721, 0.001689052133997, -0.000514545145052, 0.004028481552377, 0.00127328967892, -0.000370491416106, 0.000120533777022, -0.006156554724157, -0.011046427515993, 0.029653214678544, -0.141048102047937, -0.010542795933596, -0.007272042198666, -0.001526768923439, 0.002835147917566, -0.000863686541774, 0.00127328967892, 0.004781448330621, -0.000621886054141, 0.000202321219127, -0.010334046507061, -0.018541911962421, 0.049774218422768, 0.041041023053849, 0.003067656527671, 0.00211595935848, 0.000444246733383, -0.000824948151422, 0.000251308445541, -0.000370491416106, -0.000621886054141, 0.0028674912058, -0.000058869773488, 0.00300691632697, 0.005395173882269, -0.014482894956539, -0.01335207593607, -0.000998015640339, -0.000688395364682, -0.000144528953645, 0.000268384400327, -0.000081759400682, 0.000120533777022, 0.000202321219127, -0.000058869773488, 0.002643607782517, -0.000978254734986, -0.001755238198371, 0.004711790760673, 0.681989631560455, 0.050976067100336, 0.035161461286979, 0.007382166512385, -0.013708383563103, 0.004176059499246, -0.006156554724157, -0.010334046507061, 0.00300691632697, -0.000978254734986, 0.052659633959475, 0.089653044061386, -0.240666130139216, 1.223663131285313, 0.091464050187801, 0.063088618694311, 0.013245487280424, -0.024596332230599, 0.007492914564682, -0.011046427515993, -0.018541911962421, 0.005395173882269, -0.001755238198371, 0.089653044061386, 0.163836410295141, -0.43181634554563, -3.284821764654452, -0.245527625258139, -0.169356142626809, -0.035556407470155, 0.066026805397773, -0.020114105110691, 0.029653214678544, 0.049774218422768, -0.014482894956539, 0.004711790760673, -0.240666130139216, -0.43181634554563, 2.818260557095745 ],
					"covariance_determinant" : 0.0,
					"covariance_determinant_input" : 0,
					"covariance_mode" : 0,
					"dimension" : 13,
					"dimension_input" : 0,
					"inverse_covariance" : [ 0.305262724834676, -0.64610206318159, -0.470309034718906, -0.117591369862984, 0.22743764494808, -0.056732068189881, 0.077184659384428, 0.160217364158448, -0.045883608068309, 0.015280665696128, -0.760658532429028, -1.234980377853569, 0.005946695589903, -0.646102063181588, 261.630509097210449, -34.608947014117994, -8.653275162451045, 16.736606831110866, -4.174780829082445, 5.679839402914034, 11.790022852103238, -3.376467903682697, 1.124468616145681, -55.975090634754785, -90.87933104692695, 0.43760348492807, -0.470309034718911, -34.608947014117959, 301.084866003640855, -6.298870907123568, 12.182869939274772, -3.038896257682057, 4.134454816307596, 8.582164618990378, -2.457790264174339, 0.818520446799088, -40.745251168439943, -66.152660541234837, 0.318539259220979, -0.117591369862984, -8.653275162451044, -6.298870907123572, 386.988681796140725, 3.046083020265284, -0.759815243699948, 1.033737754502386, 2.14579865453346, -0.614521309678105, 0.204654670628147, -10.187535315012349, -16.540149983684334, 0.07964437227259, 0.22743764494808, 16.736606831110876, 12.18286993927477, 3.046083020265286, 398.820937031153846, 1.469585649081141, -1.999388906389524, -4.150265390306427, 1.188567491276438, -0.395829867238087, 19.704073884901806, 31.990891542009191, -0.154043009165414, -0.056732068189881, -4.174780829082453, -3.038896257682028, -0.759815243699951, 1.469585649081141, 331.018106493496305, 0.498727762466251, 1.035242600964285, -0.296476390073282, 0.098735840412352, -4.914986098328574, -7.97981108489277, 0.038424503121573, 0.077184659384429, 5.679839402914108, 4.134454816307603, 1.033737754502399, -1.99938890638955, 0.498727762466251, 305.139962649610084, -1.408459978436953, 0.403359685602223, -0.134331295428804, 6.686897552064105, 10.856628715009871, -0.052276997481784, 0.160217364158448, 11.790022852103238, 8.582164618990396, 2.145798654533459, -4.150265390306424, 1.035242600964287, -1.408459978436946, 375.266033009280704, 0.837280699935583, -0.278840461938765, 13.880440863870076, 22.5358309569576, -0.108514863048435, -0.045883608068309, -3.376467903682706, -2.457790264174335, -0.614521309678106, 1.188567491276436, -0.296476390073282, 0.403359685602225, 0.837280699935574, 371.986217935580271, 0.079855304937656, -3.975129111654291, -6.453889942682891, 0.03107686531174, 0.015280665696128, 1.124468616145693, 0.818520446799087, 0.204654670628149, -0.395829867238086, 0.098735840412352, -0.134331295428804, -0.278840461938769, 0.079855304937657, 381.004839087423591, 1.323841380596465, 2.149345677084612, -0.01034956076173, -0.760658532429029, -55.975090634754828, -40.74525116843953, -10.187535315012328, 19.70407388490182, -4.914986098328568, 6.686897552064032, 13.880440863870085, -3.975129111654284, 1.323841380596465, 305.446766715576473, -106.992598417271367, 0.515192325800298, -1.234980377853567, -90.879331046926964, -66.152660541235065, -16.540149983684341, 31.990891542009191, -7.979811084892771, 10.85662871500997, 22.5358309569576, -6.4538899426829, 2.149345677084622, -106.992598417271225, 162.310600435652702, 0.836449452748104, 0.005946695589903, 0.437603484928066, 0.318539259220977, 0.07964437227259, -0.154043009165414, 0.038424503121572, -0.052276997481784, -0.108514863048436, 0.03107686531174, -0.01034956076173, 0.5151923258003, 0.836449452748106, 0.598713992671238 ],
					"inverse_covariance_input" : [  ],
					"mean" : [ 9.666460752486898, 0.284426812082524, 0.293863818049428, 0.38084281980991, 0.395162805914873, 0.719630718231197, 0.962506711483002, 0.516121655702592, 0.473782360553744, 0.11530265212059, 0.272413477301596, 0.426203602924935, 3.529447793960449 ],
					"output_covariance" : [  ]
				}
, 				{
					"bimodal" : 0,
					"covariance" : [ 24823.504060045939696, 35.21460049934052, -3.750333081867427, -4.64977431715961, -14.955672690633476, -5.337191368634074, -1.613746529363662, -18.324308740189274, -39.630665919718979, -20.137541951403719, -4.879275491304552, -1.579206532831891, 5258.151710273470599, 35.21460049934052, 0.094662449759809, -0.01541396388893, -0.034533912110381, -0.03282729711581, -0.014566072924328, -0.019312423943195, -0.009093579679289, -0.026690088989879, -0.014034398229204, -0.014107638155316, -0.021497522786648, -4.84838769717145, -3.750333081867427, -0.01541396388893, 0.024261419899018, 0.049651091612917, 0.001437290072033, -0.029337236829699, -0.019280582515381, -0.001274844648357, 0.013030854886039, 0.004909818517192, -0.006187412636456, -0.017952466868362, 3.831247489415114, -4.64977431715961, -0.034533912110381, 0.049651091612917, 0.145948477200178, 0.033928224790901, -0.055905639568965, -0.070163972675227, -0.017612634238728, 0.011417416840429, -0.000778693049095, -0.020178024442981, -0.047325040098432, 6.211355624651598, -14.955672690633476, -0.03282729711581, 0.001437290072033, 0.033928224790901, 0.054402561442717, 0.026470338565754, -0.021962962645937, -0.005641716466248, 0.00135763379994, -0.001988844524316, -0.000626696061317, 0.000941441760824, -5.796275159990999, -5.337191368634074, -0.014566072924328, -0.029337236829699, -0.055905639568965, 0.026470338565754, 0.101530629723215, 0.050746934949053, -0.002854592255954, -0.041853429544696, -0.019326612962401, 0.020692718527452, 0.065631209430669, -13.316015496399423, -1.613746529363662, -0.019312423943195, -0.019280582515381, -0.070163972675227, -0.021962962645937, 0.050746934949053, 0.108968602261459, 0.008789076747721, -0.038300570791508, -0.010794554369757, 0.016805309242265, 0.031750052267466, 10.840067578919818, -18.324308740189274, -0.009093579679289, -0.001274844648357, -0.017612634238728, -0.005641716466248, -0.002854592255954, 0.008789076747721, 0.027333422742535, 0.04295690577959, 0.023086294199862, 0.002032937286405, -0.007051154455573, -6.170895246868999, -39.630665919718979, -0.026690088989879, 0.013030854886039, 0.011417416840429, 0.00135763379994, -0.041853429544696, -0.038300570791508, 0.04295690577959, 0.11297117246557, 0.053992941549687, -0.00222722415118, -0.028010115996058, -12.950446809747715, -20.137541951403719, -0.014034398229204, 0.004909818517192, -0.000778693049095, -0.001988844524316, -0.019326612962401, -0.010794554369757, 0.023086294199862, 0.053992941549687, 0.029868266880576, -0.00040645483505, -0.014187156255904, -5.151021015030461, -4.879275491304552, -0.014107638155316, -0.006187412636456, -0.020178024442981, -0.000626696061317, 0.020692718527452, 0.016805309242265, 0.002032937286405, -0.00222722415118, -0.00040645483505, 0.013081797294021, 0.027368003348604, -2.116160372981083, -1.579206532831891, -0.021497522786648, -0.017952466868362, -0.047325040098432, 0.000941441760824, 0.065631209430669, 0.031750052267466, -0.007051154455573, -0.028010115996058, -0.014187156255904, 0.027368003348604, 0.08814135758954, -9.65461094698043, 5258.151710273470599, -4.84838769717145, 3.831247489415114, 6.211355624651598, -5.796275159990999, -13.316015496399423, 10.840067578919818, -6.170895246868999, -12.950446809747715, -5.151021015030461, -2.116160372981083, -9.65461094698043, 10473.70921035695028 ],
					"covariance_determinant" : 0.000000000000032,
					"covariance_determinant_input" : 0,
					"covariance_mode" : 0,
					"dimension" : 13,
					"dimension_input" : 0,
					"inverse_covariance" : [ 0.00220952002074, -0.493918479757316, 0.014836573543025, 0.007093997825015, 0.307371820615089, 0.110835592070441, 0.190516987862407, 0.261260230881219, 0.461442190645915, 0.264335572453945, 0.053611848127682, -0.083863890044392, -0.000445673477782, -0.493918479757317, 249.828574212845069, 19.665694442997747, 51.482779296482008, 5.229230535022571, 17.60511065700598, -14.509487737568143, -32.830808133923199, -28.491782026835459, -20.831729058716824, 30.959812432651965, 94.36945662979852, 0.394607171063896, 0.014836573543026, 19.665694442997612, 275.443393847460754, -103.551982339472872, 54.838708298314636, 28.951200281525189, -18.132742728463377, -6.919831932699315, -2.923217328012688, -0.367267753595425, 0.023494225156615, -7.97998351041536, 0.033009424468271, 0.007093997825014, 51.482779296482171, -103.551982339472929, 85.101742782838244, -10.041697104886293, 32.290679859078921, 16.009468555780359, 21.96720105861699, 38.169437671406911, 27.647274838477017, 25.38705698600042, 32.912158451672155, 0.135810120061963, 0.307371820615089, 5.229230535022674, 54.8387082983146, -10.041697104886321, 182.501694324616352, -74.051719010315381, 89.564373830104699, 61.173210302584572, 68.03699120695012, 42.110575468054485, 25.952372456597349, 52.437621636469252, -0.057382776876243, 0.110835592070441, 17.605110657006279, 28.951200281524883, 32.290679859079191, -74.051719010315352, 214.146735360525014, -76.066907770781825, 16.649123912776947, 100.298824467894221, 45.931703467857616, -5.340961978730593, -18.889305265194402, 0.370698089830356, 0.190516987862407, -14.509487737568122, -18.13274272846343, 16.009468555780348, 89.564373830104742, -76.066907770781825, 112.82294072852568, -51.915562870470524, 66.946782167953586, 17.104269770991216, 3.046150272466119, 17.768600068190949, -0.191540188513685, 0.261260230881218, -32.830808133922744, -6.919831932699259, 21.967201058616993, 61.173210302584565, 16.649123912776691, -51.915562870470595, 340.646893593077948, -21.084267334154152, -17.774585318458517, 12.589297539844299, 44.125992005508039, 0.161006632093888, 0.461442190645914, -28.491782026834862, -2.923217328013024, 38.169437671407209, 68.036991206949978, 100.298824467894462, 66.94678216795333, -21.084267334153665, 270.21589568731963, -49.117086291331056, 0.303437918818401, 13.11772522217986, 0.139155175250998, 0.264335572453947, -20.831729058717269, -0.367267753595617, 27.647274838477024, 42.110575468054961, 45.931703467857176, 17.104269770991714, -17.774585318458548, -49.117086291330644, 355.489319101770093, 2.70547504955455, 15.581605182940894, 0.023924924746822, 0.053611848127682, 30.959812432651852, 0.023494225156675, 25.387056986000321, 25.952372456597391, -5.340961978730681, 3.046150272466194, 12.589297539844203, 0.303437918818423, 2.705475049554424, 340.586497897501545, -81.722736097162439, -0.020622927374556, -0.083863890044393, 94.369456629798606, -7.979983510415295, 32.912158451672063, 52.43762163646921, -18.889305265194636, 17.768600068190928, 44.125992005507861, 13.117725222179512, 15.581605182940937, -81.722736097162354, 112.742469324665592, 0.193096580426703, -0.000445673477782, 0.394607171063896, 0.033009424468271, 0.135810120061963, -0.057382776876243, 0.370698089830355, -0.191540188513685, 0.161006632093888, 0.139155175250996, 0.023924924746824, -0.020622927374555, 0.193096580426703, 0.001499570399122 ],
					"inverse_covariance_input" : [  ],
					"mean" : [ 972.975960867745698, 0.311681493052415, 0.175391123097922, 0.421930643330727, 0.32073034878288, 0.44705332922084, 0.39222266631467, 0.194988979824952, 0.188801672442683, 0.117304857155042, 0.105574632595692, 0.191127652701523, 475.338954380580503 ],
					"output_covariance" : [  ]
				}
, 				{
					"bimodal" : 0,
					"covariance" : [ 130.245087304748608, -0.362123699178483, 0.126907029680297, -1.488988715103687, -1.457572236119518, -3.580913392698903, -3.138775481834273, -1.506224474358078, 2.021337404221413, 1.850795123192484, 1.399414450659151, 0.905440934666331, -101.407159445807338, -0.362123699178483, 0.004266460981958, -0.000361685431855, 0.004243622499135, 0.004154085435685, 0.010205614378784, 0.008945519948764, 0.004292744466964, -0.00576081792957, -0.005274771894777, -0.003988335565067, -0.002580509498166, 0.289010721862724, 0.126907029680297, -0.000361685431855, 0.003191630828815, -0.00148718663725, -0.001455808180677, -0.003576579521893, -0.003134976717124, -0.001504401536588, 0.002018891040905, 0.001848555162023, 0.001397720781819, 0.000904345106981, -0.101284429438238, -1.488988715103687, 0.004243622499135, -0.00148718663725, 0.020022607807907, 0.017080865873576, 0.041963684440382, 0.036782398624176, 0.017651007328805, -0.023687466206592, -0.021688930726948, -0.0163993316701, -0.010610599446279, 1.188361061078922, -1.457572236119518, 0.004154085435685, -0.001455808180677, 0.017080865873576, 0.01919136315884, 0.041078284036103, 0.036006319234425, 0.017278585096742, -0.023187679487782, -0.021231311519052, -0.016053318800061, -0.010386724227392, 1.163287586765591, -3.580913392698903, 0.010205614378784, -0.003576579521893, 0.041963684440382, 0.041078284036103, 0.103937357924016, 0.08845908804603, 0.042449434234927, -0.05696669431936, -0.052160356707633, -0.039439242093035, -0.025517747230943, 2.857924976740378, -3.138775481834273, 0.008945519948764, -0.003134976717124, 0.036782398624176, 0.036006319234425, 0.08845908804603, 0.080806895335701, 0.037208172547816, -0.049932976255533, -0.045720080550246, -0.034569650960043, -0.022367052921032, 2.505054957264292, -1.506224474358078, 0.004292744466964, -0.001504401536588, 0.017651007328805, 0.017278585096742, 0.042449434234927, 0.037208172547816, 0.020499502100153, -0.023961660000502, -0.021939990513166, -0.01658916180765, -0.010733422229115, 1.202116910903896, 2.021337404221413, -0.00576081792957, 0.002018891040905, -0.023687466206592, -0.023187679487782, -0.05696669431936, -0.049932976255533, -0.023961660000502, 0.034842835613754, 0.029443236534465, 0.022262480684212, 0.014404139752315, -1.61322825224488, 1.850795123192484, -0.005274771894777, 0.001848555162023, -0.021688930726948, -0.021231311519052, -0.052160356707633, -0.045720080550246, -0.021939990513166, 0.029443236534465, 0.029583536283649, 0.020384172674219, 0.013188847914105, -1.477118553100354, 1.399414450659151, -0.003988335565067, 0.001397720781819, -0.0163993316701, -0.016053318800061, -0.039439242093035, -0.034569650960043, -0.01658916180765, 0.022262480684212, 0.020384172674219, 0.018105687167568, 0.009972289275708, -1.116871890703806, 0.905440934666331, -0.002580509498166, 0.000904345106981, -0.010610599446279, -0.010386724227392, -0.025517747230943, -0.022367052921032, -0.010733422229115, 0.014404139752315, 0.013188847914105, 0.009972289275708, 0.009428222890612, -0.722631903754518, -101.407159445807338, 0.289010721862724, -0.101284429438238, 1.188361061078922, 1.163287586765591, 2.857924976740378, 2.505054957264292, 1.202116910903896, -1.61322825224488, -1.477118553100354, -1.116871890703806, -0.722631903754518, 82.592082801014186 ],
					"covariance_determinant" : 0.0,
					"covariance_determinant_input" : 0,
					"covariance_mode" : 0,
					"dimension" : 13,
					"dimension_input" : 0,
					"inverse_covariance" : [ 0.250636887284414, 0.177906290981892, -0.065796325527345, 0.919353585799805, 0.937358549179499, 1.885624928980959, 1.525292218404908, 0.905166403830428, -1.195568836046351, -1.120593806118747, -0.82576165781371, -0.483453487468403, 0.097124524587577, 0.177906290981892, 308.676480465095267, 0.184613513686647, -2.579552800777396, -2.630071724542258, -5.290749002231736, -4.27971552486786, -2.539745934790834, 3.354566716420138, 3.144199289322057, 2.316949463284912, 1.356489839064254, -0.272515214269917, -0.065796325527344, 0.184613513686647, 326.209049223329316, 0.954014019730183, 0.972697785970142, 1.956714637312908, 1.582797068526924, 0.939291968597413, -1.240642826392497, -1.162841172289601, -0.856893594236166, -0.501680106605628, 0.100786204075734, 0.919353585799788, -2.579552800777355, 0.954014019730166, 375.233418434314217, -13.591233100995911, -27.340624324878718, -22.115979104925565, -13.124462992756108, 17.335153931455842, 16.248053259688064, 11.973133639240796, 7.00983529453508, -1.408257336158813, 0.937358549179486, -2.630071724542233, 0.97269778597013, -13.591233100995991, 390.855065512025362, -27.876073304847836, -22.549106685043601, -13.381497369097286, 17.674652048979372, 16.5662611923604, 12.207619952281519, 7.147118522365255, -1.435837172859692, 1.885624928980983, -5.290749002231817, 1.956714637312935, -27.340624324878679, -27.876073304847637, 275.308145874898571, -45.360612253217617, -26.918712213538644, 35.554980048769494, 33.325300240413334, 24.557297232416637, 14.377406455566522, -2.888382859975756, 1.525292218404912, -4.279715524867882, 1.582797068526929, -22.115979104925202, -22.549106685043103, -45.360612253217184, 269.126042809570151, -21.77469211280588, 28.760615942448933, 26.957015868569364, 19.864530744141298, 11.629961956098857, -2.336428540153046, 0.90516640383043, -2.539745934790745, 0.939291968597418, -13.124462992756385, -13.381497369096969, -26.918712213538388, -21.774692112805887, 365.267737353896052, 17.067643164009191, 15.997318295683646, 11.78836792090657, 6.901661670768563, -1.386525541780258, -1.195568836046365, 3.354566716420177, -1.240642826392458, 17.33515393145634, 17.674652048979262, 35.554980048769409, 28.760615942449171, 17.067643164009311, 349.682585878959912, -21.129700719887204, -15.570402585031196, -9.115905733563171, 1.831361306738598, -1.120593806118749, 3.144199289321968, -1.162841172289605, 16.24805325968838, 16.566261192360642, 33.325300240413867, 26.957015868569318, 15.997318295683627, -21.129700719887524, 361.226792246170419, -14.593970810799101, -8.544240360073442, 1.716515247991295, -0.825761657813694, 2.316949463284874, -0.856893594236178, 11.9731336392408, 12.207619952281433, 24.557297232416737, 19.864530744140858, 11.788367920906795, -15.570402585031214, -14.593970810798805, 360.592217804971767, -6.296220848239447, 1.264894084818465, -0.483453487468404, 1.356489839064261, -0.50168010660563, 7.009835294535225, 7.147118522365368, 14.377406455566394, 11.629961956098853, 6.901661670768556, -9.1159057335631, -8.544240360073227, -6.296220848239368, 332.334083899602831, 0.740549589336359, 0.097124524587576, -0.272515214269916, 0.100786204075733, -1.408257336158779, -1.435837172859702, -2.888382859975791, -2.336428540153026, -1.386525541780246, 1.831361306738619, 1.716515247991334, 1.264894084818432, 0.740549589336353, 0.453967226113233 ],
					"inverse_covariance_input" : [  ],
					"mean" : [ 373.737579345703125, 0.901517808437347, 0.488045424222946, 0.247450806200504, 0.185165841132402, 0.411857061088085, 0.533548384904861, 0.448501780629158, 0.407258808612823, 0.242435447871685, 0.386594906449318, 0.735150575637817, 164.445693969726562 ],
					"output_covariance" : [  ]
				}
, 				{
					"bimodal" : 0,
