{
	"configuration" : 	{
		"default_parameters" : 		{
			"absolute_regularization" : 0.001,
			"covariance_mode" : 0,
			"gaussians" : 12,
			"relative_regularization" : 0.01
		}
,
		"multiClass_regression_estimator" : 0,
		"multithreading" : 2
	}
,
	"models" : [ 		{
			"components" : [ 				{
					"bimodal" : 0,
					"covariance" : [ 292.73762697624079, 0.925784559003345, 0.968676261703537, 0.676816755090698, 1.07751682410469, 1.995348974672303, 1.633736104204099, 2.374107675060214, 0.972731304820499, 0.904121455421447, 1.68928971089997, 1.388893233830828, 1.249155477695812, 0.925784559003345, 0.011378575719149, 0.008940173684608, 0.004925969979045, 0.00447310844657, -0.004315486182057, -0.001477587654481, 0.002433731836173, 0.002218760802447, 0.005927320056622, 0.011856447557432, 0.012307939104949, 0.014481807313122, 0.968676261703537, 0.008940173684608, 0.01163005492249, 0.006438219404061, 0.00417933320831, 0.000409337900785, 0.000878095885143, 0.000846942600699, 0.002090223994301, 0.005748422848135, 0.011702249239495, 0.009947283337648, 0.01056432551131, 0.676816755090698, 0.004925969979045, 0.006438219404061, 0.005321051182873, 0.003920053804458, 0.005538669471468, 0.001946839799927, -0.002066834996835, 0.000433996275222, 0.003199511629388, 0.006650071597121, 0.005200042737889, 0.005508524036763, 1.07751682410469, 0.00447310844657, 0.00417933320831, 0.003920053804458, 0.01095132968266, 0.02151552005059, 0.005849610758481, -0.007784247719392, -0.001985573441202, 0.001971297836017, 0.004376760731903, 0.004431394070485, 0.00663071115717, 1.995348974672303, -0.004315486182057, 0.000409337900785, 0.005538669471468, 0.02151552005059, 0.076762649403719, 0.023247591484281, -0.023710236404085, -0.007582363319692, -0.002139082588133, -0.003232522826731, -0.007179241681135, -0.007038777505901, 1.633736104204099, -0.001477587654481, 0.000878095885143, 0.001946839799927, 0.005849610758481, 0.023247591484281, 0.018562857895153, 0.019781986888429, 0.00555506941895, -0.002232858607513, -0.004065587019787, -0.003651351395203, -0.00359176689386, 2.374107675060214, 0.002433731836173, 0.000846942600699, -0.002066834996835, -0.007784247719392, -0.023710236404085, 0.019781986888429, 0.087455866217212, 0.024987949740108, -0.002115134356187, -0.004907546073201, 0.001709062926561, 0.002243048768339, 0.972731304820499, 0.002218760802447, 0.002090223994301, 0.000433996275222, -0.001985573441202, -0.007582363319692, 0.00555506941895, 0.024987949740108, 0.009688764102574, 0.003665448797908, 0.006178940569928, 0.00511611553534, 0.002885413986144, 0.904121455421447, 0.005927320056622, 0.005748422848135, 0.003199511629388, 0.001971297836017, -0.002139082588133, -0.002232858607513, -0.002115134356187, 0.003665448797908, 0.016093472591255, 0.026487058701525, 0.016964935738371, 0.009546022426092, 1.68928971089997, 0.011856447557432, 0.011702249239495, 0.006650071597121, 0.004376760731903, -0.003232522826731, -0.004065587019787, -0.004907546073201, 0.006178940569928, 0.026487058701525, 0.049651816842403, 0.030921406799812, 0.018463382263537, 1.388893233830828, 0.012307939104949, 0.009947283337648, 0.005200042737889, 0.004431394070485, -0.007179241681135, -0.003651351395203, 0.001709062926561, 0.00511611553534, 0.016964935738371, 0.030921406799812, 0.025285366612853, 0.019121776230724, 1.249155477695812, 0.014481807313122, 0.01056432551131, 0.005508524036763, 0.00663071115717, -0.007038777505901, -0.00359176689386, 0.002243048768339, 0.002885413986144, 0.009546022426092, 0.018463382263537, 0.019121776230724, 0.023431175101158 ],
					"covariance_determinant" : 0.0,
					"covariance_determinant_input" : 0,
					"covariance_mode" : 0,
					"dimension" : 13,
					"dimension_input" : 0,
					"inverse_covariance" : [ 0.141908372707501, -2.201184159965631, -1.336782629276091, -1.41450021182326, -3.72301294723559, -2.910749545886932, -4.741270864232717, -3.080062222408691, -2.78476113068693, -1.204698804148671, -1.368114202432037, -2.041918934871314, -1.944280758812488, -2.201184159965628, 749.639455718255817, -178.994304463986879, -97.648146337617305, -69.649025922462968, 89.557344402235543, 102.193603691024606, 26.921644069403818, 58.933539731031487, 67.397772174323649, 43.98041611564679, -60.822183477334406, -202.346794087336349, -1.336782629276087, -178.994304463987021, 441.603639474500937, -336.761779953845632, 69.744559666129376, 50.50817386393453, -8.323490608578179, 49.835446651053488, -2.067098675809738, 21.31189943594385, -13.701758345875287, 41.484555858595023, 19.864539469630287, -1.414500211823264, -97.648146337617064, -336.761779953845576, 770.559095807440144, 37.986414858780464, 1.957077941234605, -16.991507124362972, 59.863658012879199, 29.09790105515733, 17.943565570341072, -8.924507050061766, 41.895709104245803, 49.893741119348952, -3.7230129472356, -69.649025922462698, 69.744559666129348, 37.986414858780861, 791.576147187175025, -105.147346245217037, 32.829379407186018, 108.392795067805551, 136.227203147223065, 68.722167496006904, 68.678450575187625, -14.827392725447943, -146.575216545939696, -2.910749545886925, 89.557344402235373, 50.50817386393453, 1.957077941234413, -105.147346245217634, 197.396948617068261, -65.097124322346986, 107.288853748558438, 89.956764418783521, 8.830629273327332, 14.251735962747343, 57.259170873209825, 72.763572027874048, -4.741270864232722, 102.193603691025046, -8.323490608577821, -16.991507124363334, 32.829379407186259, -65.097124322346701, 657.025049247071593, -30.664028633353574, -30.307430181515265, 45.844844141155022, 50.035467648972748, 103.591366793645733, 133.244733430805496, -3.08006222240869, 26.921644069403762, 49.835446651053552, 59.863658012879107, 108.392795067805366, 107.288853748558509, -30.664028633353606, 180.860284337954937, -128.624269628786834, 47.688805296425905, 55.569562604254727, 32.363821720410805, 16.774611418036773, -2.784761130686921, 58.933539731031516, -2.067098675809881, 29.097901055157472, 136.227203147221957, 89.956764418783905, -30.30743018151615, -128.624269628786834, 846.551488582918637, -53.648347561585616, -38.904242947066038, -2.195683519348734, 52.323806451136051, -1.204698804148672, 67.39777217432372, 21.311899435943886, 17.9435655703411, 68.722167496007046, 8.830629273327313, 45.844844141155228, 47.688805296425905, -53.648347561585588, 583.433720412967659, -220.531138522269458, -125.856948776981056, 39.805398438280179, -1.368114202432038, 43.980416115646669, -13.701758345875184, -8.924507050061882, 68.67845057518754, 14.251735962747453, 50.035467648972649, 55.569562604254692, -38.904242947065697, -220.531138522269487, 248.189120775888625, -120.354143109959736, 38.513001663063037, -2.041918934871315, -60.822183477334036, 41.484555858594995, 41.895709104245768, -14.827392725448021, 57.259170873209897, 103.591366793645705, 32.363821720410918, -2.195683519349018, -125.856948776981142, -120.354143109959622, 507.693762873561809, -115.863187732541675, -1.944280758812487, -202.346794087336519, 19.864539469630468, 49.893741119348704, -146.575216545939952, 72.763572027874034, 133.24473343080561, 16.774611418036642, 52.323806451136143, 39.805398438280115, 38.513001663062859, -115.863187732541377, 374.409424542427416 ],
					"inverse_covariance_input" : [  ],
					"mean" : [ 60.920964649745393, 0.122669804575188, 0.128451497693147, 0.094895434166704, 0.166982098881687, 0.337342100484031, 0.233789024608476, 0.281343653798103, 0.123550010046789, 0.13811252013381, 0.256199124668326, 0.199517318313675, 0.169365634343454 ],
					"output_covariance" : [  ]
				}
, 				{
					"bimodal" : 0,
					"covariance" : [ 292.73762697624079, 0.925784559003345, 0.968676261703537, 0.676816755090698, 1.07751682410469, 1.995348974672303, 1.633736104204099, 2.374107675060214, 0.972731304820499, 0.904121455421447, 1.68928971089997, 1.388893233830828, 1.249155477695812, 0.925784559003345, 0.011378575719149, 0.008940173684608, 0.004925969979045, 0.00447310844657, -0.004315486182057, -0.001477587654481, 0.002433731836173, 0.002218760802447, 0.005927320056622, 0.011856447557432, 0.012307939104949, 0.014481807313122, 0.968676261703537, 0.008940173684608, 0.01163005492249, 0.006438219404061, 0.00417933320831, 0.000409337900785, 0.000878095885143, 0.000846942600699, 0.002090223994301, 0.005748422848135, 0.011702249239495, 0.009947283337648, 0.01056432551131, 0.676816755090698, 0.004925969979045, 0.006438219404061, 0.005321051182873, 0.003920053804458, 0.005538669471468, 0.001946839799927, -0.002066834996835, 0.000433996275222, 0.003199511629388, 0.006650071597121, 0.005200042737889, 0.005508524036763, 1.07751682410469, 0.00447310844657, 0.00417933320831, 0.003920053804458, 0.01095132968266, 0.02151552005059, 0.005849610758481, -0.007784247719392, -0.001985573441202, 0.001971297836017, 0.004376760731903, 0.004431394070485, 0.00663071115717, 1.995348974672303, -0.004315486182057, 0.000409337900785, 0.005538669471468, 0.02151552005059, 0.076762649403719, 0.023247591484281, -0.023710236404085, -0.007582363319692, -0.002139082588133, -0.003232522826731, -0.007179241681135, -0.007038777505901, 1.633736104204099, -0.001477587654481, 0.000878095885143, 0.001946839799927, 0.005849610758481, 0.023247591484281, 0.018562857895153, 0.019781986888429, 0.00555506941895, -0.002232858607513, -0.004065587019787, -0.003651351395203, -0.00359176689386, 2.374107675060214, 0.002433731836173, 0.000846942600699, -0.002066834996835, -0.007784247719392, -0.023710236404085, 0.019781986888429, 0.087455866217212, 0.024987949740108, -0.002115134356187, -0.004907546073201, 0.001709062926561, 0.002243048768339, 0.972731304820499, 0.002218760802447, 0.002090223994301, 0.000433996275222, -0.001985573441202, -0.007582363319692, 0.00555506941895, 0.024987949740108, 0.009688764102574, 0.003665448797908, 0.006178940569928, 0.00511611553534, 0.002885413986144, 0.904121455421447, 0.005927320056622, 0.005748422848135, 0.003199511629388, 0.001971297836017, -0.002139082588133, -0.002232858607513, -0.002115134356187, 0.003665448797908, 0.016093472591255, 0.026487058701525, 0.016964935738371, 0.009546022426092, 1.68928971089997, 0.011856447557432, 0.011702249239495, 0.006650071597121, 0.004376760731903, -0.003232522826731, -0.004065587019787, -0.004907546073201, 0.006178940569928, 0.026487058701525, 0.049651816842403, 0.030921406799812, 0.018463382263537, 1.388893233830828, 0.012307939104949, 0.009947283337648, 0.005200042737889, 0.004431394070485, -0.007179241681135, -0.003651351395203, 0.001709062926561, 0.00511611553534, 0.016964935738371, 0.030921406799812, 0.025285366612853, 0.019121776230724, 1.249155477695812, 0.014481807313122, 0.01056432551131, 0.005508524036763, 0.00663071115717, -0.007038777505901, -0.00359176689386, 0.002243048768339, 0.002885413986144, 0.009546022426092, 0.018463382263537, 0.019121776230724, 0.023431175101158 ],
					"covariance_determinant" : 0.0,
					"covariance_determinant_input" : 0,
					"covariance_mode" : 0,
					"dimension" : 13,
					"dimension_input" : 0,
					"inverse_covariance" : [ 0.141908372707501, -2.201184159965631, -1.336782629276091, -1.41450021182326, -3.72301294723559, -2.910749545886932, -4.741270864232717, -3.080062222408691, -2.78476113068693, -1.204698804148671, -1.368114202432037, -2.041918934871314, -1.944280758812488, -2.201184159965628, 749.639455718255817, -178.994304463986879, -97.648146337617305, -69.649025922462968, 89.557344402235543, 102.193603691024606, 26.921644069403818, 58.933539731031487, 67.397772174323649, 43.98041611564679, -60.822183477334406, -202.346794087336349, -1.336782629276087, -178.994304463987021, 441.603639474500937, -336.761779953845632, 69.744559666129376, 50.50817386393453, -8.323490608578179, 49.835446651053488, -2.067098675809738, 21.31189943594385, -13.701758345875287, 41.484555858595023, 19.864539469630287, -1.414500211823264, -97.648146337617064, -336.761779953845576, 770.559095807440144, 37.986414858780464, 1.957077941234605, -16.991507124362972, 59.863658012879199, 29.09790105515733, 17.943565570341072, -8.924507050061766, 41.895709104245803, 49.893741119348952, -3.7230129472356, -69.649025922462698, 69.744559666129348, 37.986414858780861, 791.576147187175025, -105.147346245217037, 32.829379407186018, 108.392795067805551, 136.227203147223065, 68.722167496006904, 68.678450575187625, -14.827392725447943, -146.575216545939696, -2.910749545886925, 89.557344402235373, 50.50817386393453, 1.957077941234413, -105.147346245217634, 197.396948617068261, -65.097124322346986, 107.288853748558438, 89.956764418783521, 8.830629273327332, 14.251735962747343, 57.259170873209825, 72.763572027874048, -4.741270864232722, 102.193603691025046, -8.323490608577821, -16.991507124363334, 32.829379407186259, -65.097124322346701, 657.025049247071593, -30.664028633353574, -30.307430181515265, 45.844844141155022, 50.035467648972748, 103.591366793645733, 133.244733430805496, -3.08006222240869, 26.921644069403762, 49.835446651053552, 59.863658012879107, 108.392795067805366, 107.288853748558509, -30.664028633353606, 180.860284337954937, -128.624269628786834, 47.688805296425905, 55.569562604254727, 32.363821720410805, 16.774611418036773, -2.784761130686921, 58.933539731031516, -2.067098675809881, 29.097901055157472, 136.227203147221957, 89.956764418783905, -30.30743018151615, -128.624269628786834, 846.551488582918637, -53.648347561585616, -38.904242947066038, -2.195683519348734, 52.323806451136051, -1.204698804148672, 67.39777217432372, 21.311899435943886, 17.9435655703411, 68.722167496007046, 8.830629273327313, 45.844844141155228, 47.688805296425905, -53.648347561585588, 583.433720412967659, -220.531138522269458, -125.856948776981056, 39.805398438280179, -1.368114202432038, 43.980416115646669, -13.701758345875184, -8.924507050061882, 68.67845057518754, 14.251735962747453, 50.035467648972649, 55.569562604254692, -38.904242947065697, -220.531138522269487, 248.189120775888625, -120.354143109959736, 38.513001663063037, -2.041918934871315, -60.822183477334036, 41.484555858594995, 41.895709104245768, -14.827392725448021, 57.259170873209897, 103.591366793645705, 32.363821720410918, -2.195683519349018, -125.856948776981142, -120.354143109959622, 507.693762873561809, -115.863187732541675, -1.944280758812487, -202.346794087336519, 19.864539469630468, 49.893741119348704, -146.575216545939952, 72.763572027874034, 133.24473343080561, 16.774611418036642, 52.323806451136143, 39.805398438280115, 38.513001663062859, -115.863187732541377, 374.409424542427416 ],
					"inverse_covariance_input" : [  ],
					"mean" : [ 60.920964649745393, 0.122669804575188, 0.128451497693147, 0.094895434166704, 0.166982098881687, 0.337342100484031, 0.233789024608476, 0.281343653798103, 0.123550010046789, 0.13811252013381, 0.256199124668326, 0.199517318313675, 0.169365634343454 ],
					"output_covariance" : [  ]
				}
, 				{
					"bimodal" : 0,
					"covariance" : [ 292.73762697624079, 0.925784559003345, 0.968676261703537, 0.676816755090698, 1.07751682410469, 1.995348974672303, 1.633736104204099, 2.374107675060214, 0.972731304820499, 0.904121455421447, 1.68928971089997, 1.388893233830828, 1.249155477695812, 0.925784559003345, 0.011378575719149, 0.008940173684608, 0.004925969979045, 0.00447310844657, -0.004315486182057, -0.001477587654481, 0.002433731836173, 0.002218760802447, 0.005927320056622, 0.011856447557432, 0.012307939104949, 0.014481807313122, 0.968676261703537, 0.008940173684608, 0.01163005492249, 0.006438219404061, 0.00417933320831, 0.000409337900785, 0.000878095885143, 0.000846942600699, 0.002090223994301, 0.005748422848135, 0.011702249239495, 0.009947283337648, 0.01056432551131, 0.676816755090698, 0.004925969979045, 0.006438219404061, 0.005321051182873, 0.003920053804458, 0.005538669471468, 0.001946839799927, -0.002066834996835, 0.000433996275222, 0.003199511629388, 0.006650071597121, 0.005200042737889, 0.005508524036763, 1.07751682410469, 0.00447310844657, 0.00417933320831, 0.003920053804458, 0.01095132968266, 0.02151552005059, 0.005849610758481, -0.007784247719392, -0.001985573441202, 0.001971297836017, 0.004376760731903, 0.004431394070485, 0.00663071115717, 1.995348974672303, -0.004315486182057, 0.000409337900785, 0.005538669471468, 0.02151552005059, 0.076762649403719, 0.023247591484281, -0.023710236404085, -0.007582363319692, -0.002139082588133, -0.003232522826731, -0.007179241681135, -0.007038777505901, 1.633736104204099, -0.001477587654481, 0.000878095885143, 0.001946839799927, 0.005849610758481, 0.023247591484281, 0.018562857895153, 0.019781986888429, 0.00555506941895, -0.002232858607513, -0.004065587019787, -0.003651351395203, -0.00359176689386, 2.374107675060214, 0.002433731836173, 0.000846942600699, -0.002066834996835, -0.007784247719392, -0.023710236404085, 0.019781986888429, 0.087455866217212, 0.024987949740108, -0.002115134356187, -0.004907546073201, 0.001709062926561, 0.002243048768339, 0.972731304820499, 0.002218760802447, 0.002090223994301, 0.000433996275222, -0.001985573441202, -0.007582363319692, 0.00555506941895, 0.024987949740108, 0.009688764102574, 0.003665448797908, 0.006178940569928, 0.00511611553534, 0.002885413986144, 0.904121455421447, 0.005927320056622, 0.005748422848135, 0.003199511629388, 0.001971297836017, -0.002139082588133, -0.002232858607513, -0.002115134356187, 0.003665448797908, 0.016093472591255, 0.026487058701525, 0.016964935738371, 0.009546022426092, 1.68928971089997, 0.011856447557432, 0.011702249239495, 0.006650071597121, 0.004376760731903, -0.003232522826731, -0.004065587019787, -0.004907546073201, 0.006178940569928, 0.026487058701525, 0.049651816842403, 0.030921406799812, 0.018463382263537, 1.388893233830828, 0.012307939104949, 0.009947283337648, 0.005200042737889, 0.004431394070485, -0.007179241681135, -0.003651351395203, 0.001709062926561, 0.00511611553534, 0.016964935738371, 0.030921406799812, 0.025285366612853, 0.019121776230724, 1.249155477695812, 0.014481807313122, 0.01056432551131, 0.005508524036763, 0.00663071115717, -0.007038777505901, -0.00359176689386, 0.002243048768339, 0.002885413986144, 0.009546022426092, 0.018463382263537, 0.019121776230724, 0.023431175101158 ],
					"covariance_determinant" : 0.0,
					"covariance_determinant_input" : 0,
					"covariance_mode" : 0,
					"dimension" : 13,
					"dimension_input" : 0,
					"inverse_covariance" : [ 0.141908372707501, -2.201184159965631, -1.336782629276091, -1.41450021182326, -3.72301294723559, -2.910749545886932, -4.741270864232717, -3.080062222408691, -2.78476113068693, -1.204698804148671, -1.368114202432037, -2.041918934871314, -1.944280758812488, -2.201184159965628, 749.639455718255817, -178.994304463986879, -97.648146337617305, -69.649025922462968, 89.557344402235543, 102.193603691024606, 26.921644069403818, 58.933539731031487, 67.397772174323649, 43.98041611564679, -60.822183477334406, -202.346794087336349, -1.336782629276087, -178.994304463987021, 441.603639474500937, -336.761779953845632, 69.744559666129376, 50.50817386393453, -8.323490608578179, 49.835446651053488, -2.067098675809738, 21.31189943594385, -13.701758345875287, 41.484555858595023, 19.864539469630287, -1.414500211823264, -97.648146337617064, -336.761779953845576, 770.559095807440144, 37.986414858780464, 1.957077941234605, -16.991507124362972, 59.863658012879199, 29.09790105515733, 17.943565570341072, -8.924507050061766, 41.895709104245803, 49.893741119348952, -3.7230129472356, -69.649025922462698, 69.744559666129348, 37.986414858780861, 791.576147187175025, -105.147346245217037, 32.829379407186018, 108.392795067805551, 136.227203147223065, 68.722167496006904, 68.678450575187625, -14.827392725447943, -146.575216545939696, -2.910749545886925, 89.557344402235373, 50.50817386393453, 1.957077941234413, -105.147346245217634, 197.396948617068261, -65.097124322346986, 107.288853748558438, 89.956764418783521, 8.830629273327332, 14.251735962747343, 57.259170873209825, 72.763572027874048, -4.741270864232722, 102.193603691025046, -8.323490608577821, -16.991507124363334, 32.829379407186259, -65.097124322346701, 657.025049247071593, -30.664028633353574, -30.307430181515265, 45.844844141155022, 50.035467648972748, 103.591366793645733, 133.244733430805496, -3.08006222240869, 26.921644069403762, 49.835446651053552, 59.863658012879107, 108.392795067805366, 107.288853748558509, -30.664028633353606, 180.860284337954937, -128.624269628786834, 47.688805296425905, 55.569562604254727, 32.363821720410805, 16.774611418036773, -2.784761130686921, 58.933539731031516, -2.067098675809881, 29.097901055157472, 136.227203147221957, 89.956764418783905, -30.30743018151615, -128.624269628786834, 846.551488582918637, -53.648347561585616, -38.904242947066038, -2.195683519348734, 52.323806451136051, -1.204698804148672, 67.39777217432372, 21.311899435943886, 17.9435655703411, 68.722167496007046, 8.830629273327313, 45.844844141155228, 47.688805296425905, -53.648347561585588, 583.433720412967659, -220.531138522269458, -125.856948776981056, 39.805398438280179, -1.368114202432038, 43.980416115646669, -13.701758345875184, -8.924507050061882, 68.67845057518754, 14.251735962747453, 50.035467648972649, 55.569562604254692, -38.904242947065697, -220.531138522269487, 248.189120775888625, -120.354143109959736, 38.513001663063037, -2.041918934871315, -60.822183477334036, 41.484555858594995, 41.895709104245768, -14.827392725448021, 57.259170873209897, 103.591366793645705, 32.363821720410918, -2.195683519349018, -125.856948776981142, -120.354143109959622, 507.693762873561809, -115.863187732541675, -1.944280758812487, -202.346794087336519, 19.864539469630468, 49.893741119348704, -146.575216545939952, 72.763572027874034, 133.24473343080561, 16.774611418036642, 52.323806451136143, 39.805398438280115, 38.513001663062859, -115.863187732541377, 374.409424542427416 ],
					"inverse_covariance_input" : [  ],
					"mean" : [ 60.920964649745393, 0.122669804575188, 0.128451497693147, 0.094895434166704, 0.166982098881687, 0.337342100484031, 0.233789024608476, 0.281343653798103, 0.123550010046789, 0.13811252013381, 0.256199124668326, 0.199517318313675, 0.169365634343454 ],
					"output_covariance" : [  ]
				}
, 				{
					"bimodal" : 0,
					"covariance" : [ 292.73762697624079, 0.925784559003345, 0.968676261703537, 0.676816755090698, 1.07751682410469, 1.995348974672303, 1.633736104204099, 2.374107675060214, 0.972731304820499, 0.904121455421447, 1.68928971089997, 1.388893233830828, 1.249155477695812, 0.925784559003345, 0.011378575719149, 0.008940173684608, 0.004925969979045, 0.00447310844657, -0.004315486182057, -0.001477587654481, 0.002433731836173, 0.002218760802447, 0.005927320056622, 0.011856447557432, 0.012307939104949, 0.014481807313122, 0.968676261703537, 0.008940173684608, 0.01163005492249, 0.006438219404061, 0.00417933320831, 0.000409337900785, 0.000878095885143, 0.000846942600699, 0.002090223994301, 0.005748422848135, 0.011702249239495, 0.009947283337648, 0.01056432551131, 0.676816755090698, 0.004925969979045, 0.006438219404061, 0.005321051182873, 0.003920053804458, 0.005538669471468, 0.001946839799927, -0.002066834996835, 0.000433996275222, 0.003199511629388, 0.006650071597121, 0.005200042737889, 0.005508524036763, 1.07751682410469, 0.00447310844657, 0.00417933320831, 0.003920053804458, 0.01095132968266, 0.02151552005059, 0.005849610758481, -0.007784247719392, -0.001985573441202, 0.001971297836017, 0.004376760731903, 0.004431394070485, 0.00663071115717, 1.995348974672303, -0.004315486182057, 0.000409337900785, 0.005538669471468, 0.02151552005059, 0.076762649403719, 0.023247591484281, -0.023710236404085, -0.007582363319692, -0.002139082588133, -0.003232522826731, -0.007179241681135, -0.007038777505901, 1.633736104204099, -0.001477587654481, 0.000878095885143, 0.001946839799927, 0.005849610758481, 0.023247591484281, 0.018562857895153, 0.019781986888429, 0.00555506941895, -0.002232858607513, -0.004065587019787, -0.003651351395203, -0.00359176689386, 2.374107675060214, 0.002433731836173, 0.000846942600699, -0.002066834996835, -0.007784247719392, -0.023710236404085, 0.019781986888429, 0.087455866217212, 0.024987949740108, -0.002115134356187, -0.004907546073201, 0.001709062926561, 0.002243048768339, 0.972731304820499, 0.002218760802447, 0.002090223994301, 0.000433996275222, -0.001985573441202, -0.007582363319692, 0.00555506941895, 0.024987949740108, 0.009688764102574, 0.003665448797908, 0.006178940569928, 0.00511611553534, 0.002885413986144, 0.904121455421447, 0.005927320056622, 0.005748422848135, 0.003199511629388, 0.001971297836017, -0.002139082588133, -0.002232858607513, -0.002115134356187, 0.003665448797908, 0.016093472591255, 0.026487058701525, 0.016964935738371, 0.009546022426092, 1.68928971089997, 0.011856447557432, 0.011702249239495, 0.006650071597121, 0.004376760731903, -0.003232522826731, -0.004065587019787, -0.004907546073201, 0.006178940569928, 0.026487058701525, 0.049651816842403, 0.030921406799812, 0.018463382263537, 1.388893233830828, 0.012307939104949, 0.009947283337648, 0.005200042737889, 0.004431394070485, -0.007179241681135, -0.003651351395203, 0.001709062926561, 0.00511611553534, 0.016964935738371, 0.030921406799812, 0.025285366612853, 0.019121776230724, 1.249155477695812, 0.014481807313122, 0.01056432551131, 0.005508524036763, 0.00663071115717, -0.007038777505901, -0.00359176689386, 0.002243048768339, 0.002885413986144, 0.009546022426092, 0.018463382263537, 0.019121776230724, 0.023431175101158 ],
					"covariance_determinant" : 0.0,
					"covariance_determinant_input" : 0,
					"covariance_mode" : 0,
					"dimension" : 13,
					"dimension_input" : 0,
					"inverse_covariance" : [ 0.141908372707501, -2.201184159965631, -1.336782629276091, -1.41450021182326, -3.72301294723559, -2.910749545886932, -4.741270864232717, -3.080062222408691, -2.78476113068693, -1.204698804148671, -1.368114202432037, -2.041918934871314, -1.944280758812488, -2.201184159965628, 749.639455718255817, -178.994304463986879, -97.648146337617305, -69.649025922462968, 89.557344402235543, 102.193603691024606, 26.921644069403818, 58.933539731031487, 67.397772174323649, 43.98041611564679, -60.822183477334406, -202.346794087336349, -1.336782629276087, -178.994304463987021, 441.603639474500937, -336.761779953845632, 69.744559666129376, 50.50817386393453, -8.323490608578179, 49.835446651053488, -2.067098675809738, 21.31189943594385, -13.701758345875287, 41.484555858595023, 19.864539469630287, -1.414500211823264, -97.648146337617064, -336.761779953845576, 770.559095807440144, 37.986414858780464, 1.957077941234605, -16.991507124362972, 59.863658012879199, 29.09790105515733, 17.943565570341072, -8.924507050061766, 41.895709104245803, 49.893741119348952, -3.7230129472356, -69.649025922462698, 69.744559666129348, 37.986414858780861, 791.576147187175025, -105.147346245217037, 32.829379407186018, 108.392795067805551, 136.227203147223065, 68.722167496006904, 68.678450575187625, -14.827392725447943, -146.575216545939696, -2.910749545886925, 89.557344402235373, 50.50817386393453, 1.957077941234413, -105.147346245217634, 197.396948617068261, -65.097124322346986, 107.288853748558438, 89.956764418783521, 8.830629273327332, 14.251735962747343, 57.259170873209825, 72.763572027874048, -4.741270864232722, 102.193603691025046, -8.323490608577821, -16.991507124363334, 32.829379407186259, -65.097124322346701, 657.025049247071593, -30.664028633353574, -30.307430181515265, 45.844844141155022, 50.035467648972748, 103.591366793645733, 133.244733430805496, -3.08006222240869, 26.921644069403762, 49.835446651053552, 59.863658012879107, 108.392795067805366, 107.288853748558509, -30.664028633353606, 180.860284337954937, -128.624269628786834, 47.688805296425905, 55.569562604254727, 32.363821720410805, 16.774611418036773, -2.784761130686921, 58.933539731031516, -2.067098675809881, 29.097901055157472, 136.227203147221957, 89.956764418783905, -30.30743018151615, -128.624269628786834, 846.551488582918637, -53.648347561585616, -38.904242947066038, -2.195683519348734, 52.323806451136051, -1.204698804148672, 67.39777217432372, 21.311899435943886, 17.9435655703411, 68.722167496007046, 8.830629273327313, 45.844844141155228, 47.688805296425905, -53.648347561585588, 583.433720412967659, -220.531138522269458, -125.856948776981056, 39.805398438280179, -1.368114202432038, 43.980416115646669, -13.701758345875184, -8.924507050061882, 68.67845057518754, 14.251735962747453, 50.035467648972649, 55.569562604254692, -38.904242947065697, -220.531138522269487, 248.189120775888625, -120.354143109959736, 38.513001663063037, -2.041918934871315, -60.822183477334036, 41.484555858594995, 41.895709104245768, -14.827392725448021, 57.259170873209897, 103.591366793645705, 32.363821720410918, -2.195683519349018, -125.856948776981142, -120.354143109959622, 507.693762873561809, -115.863187732541675, -1.944280758812487, -202.346794087336519, 19.864539469630468, 49.893741119348704, -146.575216545939952, 72.763572027874034, 133.24473343080561, 16.774611418036642, 52.323806451136143, 39.805398438280115, 38.513001663062859, -115.863187732541377, 374.409424542427416 ],
					"inverse_covariance_input" : [  ],
					"mean" : [ 60.920964649745393, 0.122669804575188, 0.128451497693147, 0.094895434166704, 0.166982098881687, 0.337342100484031, 0.233789024608476, 0.281343653798103, 0.123550010046789, 0.13811252013381, 0.256199124668326, 0.199517318313675, 0.169365634343454 ],
					"output_covariance" : [  ]
				}
, 				{
					"bimodal" : 0,
					"covariance" : [ 292.73762697624079, 0.925784559003345, 0.968676261703537, 0.676816755090698, 1.07751682410469, 1.995348974672303, 1.633736104204099, 2.374107675060214, 0.972731304820499, 0.904121455421447, 1.68928971089997, 1.388893233830828, 1.249155477695812, 0.925784559003345, 0.011378575719149, 0.008940173684608, 0.004925969979045, 0.00447310844657, -0.004315486182057, -0.001477587654481, 0.002433731836173, 0.002218760802447, 0.005927320056622, 0.011856447557432, 0.012307939104949, 0.014481807313122, 0.968676261703537, 0.008940173684608, 0.01163005492249, 0.006438219404061, 0.00417933320831, 0.000409337900785, 0.000878095885143, 0.000846942600699, 0.002090223994301, 0.005748422848135, 0.011702249239495, 0.009947283337648, 0.01056432551131, 0.676816755090698, 0.004925969979045, 0.006438219404061, 0.005321051182873, 0.003920053804458, 0.005538669471468, 0.001946839799927, -0.002066834996835, 0.000433996275222, 0.003199511629388, 0.006650071597121, 0.005200042737889, 0.005508524036763, 1.07751682410469, 0.00447310844657, 0.00417933320831, 0.003920053804458, 0.01095132968266, 0.02151552005059, 0.005849610758481, -0.007784247719392, -0.001985573441202, 0.001971297836017, 0.004376760731903, 0.004431394070485, 0.00663071115717, 1.995348974672303, -0.004315486182057, 0.000409337900785, 0.005538669471468, 0.02151552005059, 0.076762649403719, 0.023247591484281, -0.023710236404085, -0.007582363319692, -0.002139082588133, -0.003232522826731, -0.007179241681135, -0.007038777505901, 1.633736104204099, -0.001477587654481, 0.000878095885143, 0.001946839799927, 0.005849610758481, 0.023247591484281, 0.018562857895153, 0.019781986888429, 0.00555506941895, -0.002232858607513, -0.004065587019787, -0.003651351395203, -0.00359176689386, 2.374107675060214, 0.002433731836173, 0.000846942600699, -0.002066834996835, -0.007784247719392, -0.023710236404085, 0.019781986888429, 0.087455866217212, 0.024987949740108, -0.002115134356187, -0.004907546073201, 0.001709062926561, 0.002243048768339, 0.972731304820499, 0.002218760802447, 0.002090223994301, 0.000433996275222, -0.001985573441202, -0.007582363319692, 0.00555506941895, 0.024987949740108, 0.009688764102574, 0.003665448797908, 0.006178940569928, 0.00511611553534, 0.002885413986144, 0.904121455421447, 0.005927320056622, 0.005748422848135, 0.003199511629388, 0.001971297836017, -0.002139082588133, -0.002232858607513, -0.002115134356187, 0.003665448797908, 0.016093472591255, 0.026487058701525, 0.016964935738371, 0.009546022426092, 1.68928971089997, 0.011856447557432, 0.011702249239495, 0.006650071597121, 0.004376760731903, -0.003232522826731, -0.004065587019787, -0.004907546073201, 0.006178940569928, 0.026487058701525, 0.049651816842403, 0.030921406799812, 0.018463382263537, 1.388893233830828, 0.012307939104949, 0.009947283337648, 0.005200042737889, 0.004431394070485, -0.007179241681135, -0.003651351395203, 0.001709062926561, 0.00511611553534, 0.016964935738371, 0.030921406799812, 0.025285366612853, 0.019121776230724, 1.249155477695812, 0.014481807313122, 0.01056432551131, 0.005508524036763, 0.00663071115717, -0.007038777505901, -0.00359176689386, 0.002243048768339, 0.002885413986144, 0.009546022426092, 0.018463382263537, 0.019121776230724, 0.023431175101158 ],
					"covariance_determinant" : 0.0,
					"covariance_determinant_input" : 0,
					"covariance_mode" : 0,
					"dimension" : 13,
					"dimension_input" : 0,
					"inverse_covariance" : [ 0.141908372707501, -2.201184159965631, -1.336782629276091, -1.41450021182326, -3.72301294723559, -2.910749545886932, -4.741270864232717, -3.080062222408691, -2.78476113068693, -1.204698804148671, -1.368114202432037, -2.041918934871314, -1.944280758812488, -2.201184159965628, 749.639455718255817, -178.994304463986879, -97.648146337617305, -69.649025922462968, 89.557344402235543, 102.193603691024606, 26.921644069403818, 58.933539731031487, 67.397772174323649, 43.98041611564679, -60.822183477334406, -202.346794087336349, -1.336782629276087, -178.994304463987021, 441.603639474500937, -336.761779953845632, 69.744559666129376, 50.50817386393453, -8.323490608578179, 49.835446651053488, -2.067098675809738, 21.31189943594385, -13.701758345875287, 41.484555858595023, 19.864539469630287, -1.414500211823264, -97.648146337617064, -336.761779953845576, 770.559095807440144, 37.986414858780464, 1.957077941234605, -16.991507124362972, 59.863658012879199, 29.09790105515733, 17.943565570341072, -8.924507050061766, 41.895709104245803, 49.893741119348952, -3.7230129472356, -69.649025922462698, 69.744559666129348, 37.986414858780861, 791.576147187175025, -105.147346245217037, 32.829379407186018, 108.392795067805551, 136.227203147223065, 68.722167496006904, 68.678450575187625, -14.827392725447943, -146.575216545939696, -2.910749545886925, 89.557344402235373, 50.50817386393453, 1.957077941234413, -105.147346245217634, 197.396948617068261, -65.097124322346986, 107.288853748558438, 89.956764418783521, 8.830629273327332, 14.251735962747343, 57.259170873209825, 72.763572027874048, -4.741270864232722, 102.193603691025046, -8.323490608577821, -16.991507124363334, 32.829379407186259, -65.097124322346701, 657.025049247071593, -30.664028633353574, -30.307430181515265, 45.844844141155022, 50.035467648972748, 103.591366793645733, 133.244733430805496, -3.08006222240869, 26.921644069403762, 49.835446651053552, 59.863658012879107, 108.392795067805366, 107.288853748558509, -30.664028633353606, 180.860284337954937, -128.624269628786834, 47.688805296425905, 55.569562604254727, 32.363821720410805, 16.774611418036773, -2.784761130686921, 58.933539731031516, -2.067098675809881, 29.097901055157472, 136.227203147221957, 89.956764418783905, -30.30743018151615, -128.624269628786834, 846.551488582918637, -53.648347561585616, -38.904242947066038, -2.195683519348734, 52.323806451136051, -1.204698804148672, 67.39777217432372, 21.311899435943886, 17.9435655703411, 68.722167496007046, 8.830629273327313, 45.844844141155228, 47.688805296425905, -53.648347561585588, 583.433720412967659, -220.531138522269458, -125.856948776981056, 39.805398438280179, -1.368114202432038, 43.980416115646669, -13.701758345875184, -8.924507050061882, 68.67845057518754, 14.251735962747453, 50.035467648972649, 55.569562604254692, -38.904242947065697, -220.531138522269487, 248.189120775888625, -120.354143109959736, 38.513001663063037, -2.041918934871315, -60.822183477334036, 41.484555858594995, 41.895709104245768, -14.827392725448021, 57.259170873209897, 103.591366793645705, 32.363821720410918, -2.195683519349018, -125.856948776981142, -120.354143109959622, 507.693762873561809, -115.863187732541675, -1.944280758812487, -202.346794087336519, 19.864539469630468, 49.893741119348704, -146.575216545939952, 72.763572027874034, 133.24473343080561, 16.774611418036642, 52.323806451136143, 39.805398438280115, 38.513001663062859, -115.863187732541377, 374.409424542427416 ],
					"inverse_covariance_input" : [  ],
					"mean" : [ 60.920964649745393, 0.122669804575188, 0.128451497693147, 0.094895434166704, 0.166982098881687, 0.337342100484031, 0.233789024608476, 0.281343653798103, 0.123550010046789, 0.13811252013381, 0.256199124668326, 0.199517318313675, 0.169365634343454 ],
					"output_covariance" : [  ]
				}
, 				{
					"bimodal" : 0,
					"covariance" : [ 292.73762697624079, 0.925784559003345, 0.968676261703537, 0.676816755090698, 1.07751682410469, 1.995348974672303, 1.633736104204099, 2.374107675060214, 0.972731304820499, 0.904121455421447, 1.68928971089997, 1.388893233830828, 1.249155477695812, 0.925784559003345, 0.011378575719149, 0.008940173684608, 0.004925969979045, 0.00447310844657, -0.004315486182057, -0.001477587654481, 0.002433731836173, 0.002218760802447, 0.005927320056622, 0.011856447557432, 0.012307939104949, 0.014481807313122, 0.968676261703537, 0.008940173684608, 0.01163005492249, 0.006438219404061, 0.00417933320831, 0.000409337900785, 0.000878095885143, 0.000846942600699, 0.002090223994301, 0.005748422848135, 0.011702249239495, 0.009947283337648, 0.01056432551131, 0.676816755090698, 0.004925969979045, 0.006438219404061, 0.005321051182873, 0.003920053804458, 0.005538669471468, 0.001946839799927, -0.002066834996835, 0.000433996275222, 0.003199511629388, 0.006650071597121, 0.005200042737889, 0.005508524036763, 1.07751682410469, 0.00447310844657, 0.00417933320831, 0.003920053804458, 0.01095132968266, 0.02151552005059, 0.005849610758481, -0.007784247719392, -0.001985573441202, 0.001971297836017, 0.004376760731903, 0.004431394070485, 0.00663071115717, 1.995348974672303, -0.004315486182057, 0.000409337900785, 0.005538669471468, 0.02151552005059, 0.076762649403719, 0.023247591484281, -0.023710236404085, -0.007582363319692, -0.002139082588133, -0.003232522826731, -0.007179241681135, -0.007038777505901, 1.633736104204099, -0.001477587654481, 0.000878095885143, 0.001946839799927, 0.005849610758481, 0.023247591484281, 0.018562857895153, 0.019781986888429, 0.00555506941895, -0.002232858607513, -0.004065587019787, -0.003651351395203, -0.00359176689386, 2.374107675060214, 0.002433731836173, 0.000846942600699, -0.002066834996835, -0.007784247719392, -0.023710236404085, 0.019781986888429, 0.087455866217212, 0.024987949740108, -0.002115134356187, -0.004907546073201, 0.001709062926561, 0.002243048768339, 0.972731304820499, 0.002218760802447, 0.002090223994301, 0.000433996275222, -0.001985573441202, -0.007582363319692, 0.00555506941895, 0.024987949740108, 0.009688764102574, 0.003665448797908, 0.006178940569928, 0.00511611553534, 0.002885413986144, 0.904121455421447, 0.005927320056622, 0.005748422848135, 0.003199511629388, 0.001971297836017, -0.002139082588133, -0.002232858607513, -0.002115134356187, 0.003665448797908, 0.016093472591255, 0.026487058701525, 0.016964935738371, 0.009546022426092, 1.68928971089997, 0.011856447557432, 0.011702249239495, 0.006650071597121, 0.004376760731903, -0.003232522826731, -0.004065587019787, -0.004907546073201, 0.006178940569928, 0.026487058701525, 0.049651816842403, 0.030921406799812, 0.018463382263537, 1.388893233830828, 0.012307939104949, 0.009947283337648, 0.005200042737889, 0.004431394070485, -0.007179241681135, -0.003651351395203, 0.001709062926561, 0.00511611553534, 0.016964935738371, 0.030921406799812, 0.025285366612853, 0.019121776230724, 1.249155477695812, 0.014481807313122, 0.01056432551131, 0.005508524036763, 0.00663071115717, -0.007038777505901, -0.00359176689386, 0.002243048768339, 0.002885413986144, 0.009546022426092, 0.018463382263537, 0.019121776230724, 0.023431175101158 ],
					"covariance_determinant" : 0.0,
					"covariance_determinant_input" : 0,
					"covariance_mode" : 0,
					"dimension" : 13,
					"dimension_input" : 0,
